Общее число выживших: 342
Число выживших из 1 класса: 136
Число выживших из 2 класса: 87
Число выживших из 3 класса: 119
Количество выживших женщин: 233
Количество выживших мужчин: 109
Средний возраст пассажира: 28.3241
Средний возраст мужчин: 27.2366
Средний возраст женщин: 28.8376
Штат, в котором село больше всего пассажиров: Southampton
Список идентификаторов несовершеннолетних пассажиров: 8, 10, 11, 15, 17, 23, 25, 40, 44, 51, 59, 60, 64, 69, 72, 79, 85, 87, 112, 115, 120, 126, 139, 148, 157, 164, 165, 166, 172, 173, 183, 184, 185, 194, 206, 209, 221, 234, 238, 262, 267, 279, 283, 298, 306, 308, 330, 334, 341, 349, 353, 375, 382, 387, 390, 408, 420, 434, 436, 446, 447, 449, 470, 480, 481, 490, 501, 505, 531, 533, 536, 542, 543, 550, 551, 575, 619, 635, 643, 645, 684, 687, 690, 692, 721, 722, 732, 747, 751, 752, 756, 765, 778, 781, 782, 788, 789, 792, 803, 804, 814, 820, 825, 828, 831, 832, 842, 845, 851, 853, 854, 870, 876.